%% Results: Accuracy
% Ovarian Case:
% CVAUC
10.0000    0.1109    0.1012 
15.0000    0.1022    0.0958
20.0000    0.0760    0.0703
25.0000    0.0672    0.0621
30.0000    0.0601    0.0524
35.0000    0.0581    0.0522
40.0000    0.0519    0.0476
45.0000    0.0507    0.0461
50.0000    0.0466    0.0398
55.0000    0.0438    0.0355
60.0000    0.0413    0.0325
65.0000    0.0425    0.0311
70.0000    0.0410    0.0300
75.0000    0.0398    0.0290
80.0000    0.0402    0.0274
85.0000    0.0355    0.0216
90.0000    0.0365    0.0207
95.0000    0.0381    0.0192

% EBAUC
0.0751    0.0560
0.0724    0.0468
0.0578    0.0375
0.0494    0.0325
0.0426    0.0298
0.0348    0.0263
0.0292    0.0237
0.0248    0.0208
0.0209    0.0192
0.0178    0.0166
0.0156    0.0155
0.0138    0.0144
0.0117    0.0130
0.0095    0.0109
0.0083    0.0101
0.0075    0.0098
0.0068    0.0095
0.0069    0.0155

% CBAUC
0.0568    0.0401
0.0351    0.0297
0.0235    0.0202
0.0159    0.0132
0.0116    0.0087
0.0092    0.0075
0.0084    0.0071
0.0072    0.0063
0.0063    0.0056
0.0056    0.0054
0.0050    0.0052
0.0047    0.0051
0.0044    0.0054
0.0043    0.0060
0.0039    0.0062
0.0042    0.0078
0.0040    0.0095
0.0040    0.0161